222100 xkriva29 ----------
Datum: 11.6.1941
ZP1: 22212 84435 31302 61116 13282 64040 16164 43644 39263 31134 11112 11136 44322 72328 11441 83026 34262 62127 44322 14421 27272 21315 30122 52711
ZP2: 27284 41630 27262 61111 44441 12238 40363 52320 30272 11521 11022 13118 09134 42128 44222 22840 35273 02111 44361 21633 16163 23925 44164 04436
ZP3: 15443 12144 30162 42636 21163 43426 35212 11624 28163 14121 17163 93128 24444 43528 32221 62813 35283 02011 44362 73432 16301 14444 11271 32816
ZP4: 11161 31144 36211 31316 20444 42127 23223 21513 12162 74422 11282 43544 30361 11613 30212 71642 44214 44426 32112 81130 26262 51618 44272 73028
ZP5: 34363 51321 27242 11644 41262 63540 16112 72144 32322 32827 44163 31816 44342 12126 25443 53034 16272 51111 22132 61511 22444 43032 27272 83516
ZP6: 26113 93911 30324 42115 24273 43526 21211 51644 28233 12744 16164 41626 24224 41622 44241 62840 34262 71215 39443 43612 11444 42723 40161 12532
ZP7: 39192 41536 44211 61426 27213 52111 44364 42313 34212 12432 18221 54421 16162 52616 34122 62821 44112 12313 27213 62311 35444 42826 28233 13916
ZP8: 21152 84430 11304 02111 27323 42726 34212 81611 28443 13244 23162 21613 24164 42622 16202 82611 44151 14433 28162 74416 24272 12211 30361 12644
--------------------------